-0.04361244
0.18635558
0.12915036
0.24496807
-0.24089449
0.01987277
0.09816357
0.00190110
-0.34691365
0.19182392
0.03514991
-0.26195273
0.12915677
-0.05421161
-0.03988420
0.05889107
-0.07315073
-0.00980082
-0.00252265
-0.06414254
0.01397423
0.14814535
0.06097369
0.00773496
0.11263249
0.04233931
0.01807694
-0.15139674
0.07838301
-0.23099971
0.27033342
0.01660450
-0.22631326
0.05084204
0.48119616
-0.11273299
-0.10410638
0.29481535
-0.19819558
-0.08542460
0.02277967
-0.03026397
-0.07376820
-0.05018414
0.02253666
0.00829253
0.09196234
0.12497805
0.07629978
-0.03951918
0.11339232
-0.03475478
-0.02229247
0.22586727
-0.06245290
0.18453169
-0.21393147
-0.03295340
0.24709968
-0.00751054
-0.41672090
0.14011590
0.14526353
-0.20303907
0.05702535
-0.01159698
-0.04658504
0.00790501
0.01923586
-0.09205350
-0.00304474
0.13905980
0.02087731
0.00294921
-0.04255605
-0.04331094
-0.07516531
-0.07077946
0.11992905
-0.02464303
-0.00187362
0.13301454
-0.01318387
0.03770643
0.09050593
0.03877101
0.07305562
0.00270824
-0.01806060
0.04085162
0.10528536
0.01131050
-0.02637684
0.02325381
0.10096682
-0.00480067
0.11154511
-0.09591259
0.10431310
-0.05980284
-0.04672658
0.01574435
-0.03489569
0.08801848
-0.01391967
0.00637600
-0.05502439
0.07215002
-0.05973354
-0.07066126
0.11795170
0.06739850
-0.08976917
0.04137021
0.01594204
0.04226821
-0.04189184
-0.03036152
-0.02969641
-0.02494942
-0.01158720
0.05319644
0.05369452
0.04447021
0.00460218
0.00819581
0.12695643
0.02116726
0.01886950
0.10605963
0.06053255
-0.09419244
-0.02282854
-0.09391690
0.11325932
0.04865185
-0.01216961
-0.08163894
0.04197897
0.07003992
-0.07105227
-0.02700184
0.00817351
-0.03512372
-0.00609737
-0.10071796
-0.17410533
0.17458469
0.00194778
-0.09108254
-0.02277788
0.23929339
-0.07071487
-0.10174723
-0.01557981
0.01541785
0.11872696
0.26588287
0.01218632
0.29332996
-0.15173958
-0.11655643
0.23739251
-0.05680525
-0.40268894
0.21005506
0.01673656
-0.13253111
0.23703395
0.00310451
-0.05493519
-0.06746169
-0.06668560
0.07321631
0.04434189
-0.04048514
-0.01544490
0.30078745
-0.03092123
-0.00886886
0.19427159
0.00851996
-0.06692086
-0.05808237
-0.10278935
-0.07019652
-0.06249596
-0.10122390
-0.06776295
-0.00478139
0.11622311
-0.08802806
0.02519480
0.04584798
-0.04197750
-0.09036585
0.05251192
-0.01155672
0.12121736
-0.03950845
0.06746767
0.03727180
0.04006130
-0.00226001
0.08779778
-0.03595179
-0.06398978
-0.06361292
0.10562441
0.12758964
0.06450470
0.11742922
0.03351989
0.08819109
-0.02617322
0.09108272
-0.08085971
-0.00269404
0.11107649
-0.05874962
0.08874380
0.05290793
0.00835906
0.00788066
0.01871465
0.02729907
0.00067225
0.11803347
-0.05393277
-0.08904759
0.01818538
-0.05354104
0.03620182
-0.03481636
0.09933244
0.04093719
0.01191726
-0.00342234
-0.01800581
-0.01802425
-0.00538799
-0.02449546
-0.05271747
-0.03526572
-0.02546726
-0.03735924
0.13378394
-0.02568615
0.08527385
0.07986346
0.09348694
-0.04837487
-0.00097651
-0.04093672
0.08581361
0.04228128
0.10896015
0.00639254
0.04080844
-0.06398772
0.08048791
0.15100080
-0.02847015
0.25183932
-0.20497937
-0.14458618
0.08699630
-0.10664577
-0.39349230
0.17902096
0.08983939
-0.16489444
0.04489104
0.04587492
0.03834029
-0.05802440
-0.08406680
0.07666547
0.02296545
0.07013369
0.03399495
0.02120307
-0.02651765
-0.06919243
-0.01311760
-0.05175674
-0.06468440
-0.24792272
0.03472538
-0.32848592
0.19985209
0.09704724
-0.15915425
0.02274020
0.36851014
-0.20965886
-0.09666717
0.17096207
-0.20366833
0.07543595
0.08612343
0.01895275
-0.01584936
-0.07110611
-0.02816008
-0.05556414
-0.04587510
0.06336523
0.09890940
0.04813148
-0.01394427
0.00787556
-0.06158409
0.21103933
0.10325006
0.21948998
-0.32285546
-0.15001178
0.18553199
0.03990785
-0.43126551
0.20806689
0.07312466
-0.15042467
0.09687449
-0.01830104
0.46952977
-0.02675387
0.63670071
-0.69217858
-0.25055011
0.42738037
-0.11550547
-1.23869823
0.41382061
0.14989937
-0.60151407
0.28868197
